0 354.19880841885725 16.79157826862404 311.7441770070638 19.150168902612563 315.15103014504723 73.13568785834987 361.5366459468215 69.20470346836899 
0 396.65343983065065 15.481250138630417 354.19880841885725 16.79157826862404 361.5366459468215 69.20470346836899 405.5636711146073 67.37024408637792 
0 423.2555832761068 235.02290320243577 373.90859979016597 238.4858494119755 380.61805807114916 320.0815194742549 432.9951194904372 315.9692708504265 
0 274.3488962658993 246.49391252153606 225.00191277995847 250.82259528346069 225.00191277995847 330.68679224097025 276.9461059230541 327.65671430762296 
0 178.0907117465183 254.48509305185917 133.5395553267351 257.36781493784514 130.65683344074912 334.1530433554715 176.25625236452723 333.36684647747535 
0 491.2181085574512 412.14525808011666 442.7773668942919 418.22269430353884 447.9610624966226 498.30185395333723 496.2230560355636 491.68817335726015 
0 496.2230560355636 491.68817335726015 447.9610624966226 498.30185395333723 447.9610624966226 512.9592001392379 497.65304102931003 513.1379482634561 
0 447.9610624966226 498.30185395333723 397.0178470944071 505.45177892206925 397.7328395912803 512.422955766583 447.9610624966226 512.9592001392379 
0 537.1303404575569 405.64364719676024 491.2181085574512 412.14525808011666 496.2230560355636 491.68817335726015 543.4199154815263 482.95300686638404 
0 442.7773668942919 418.22269430353884 392.7321805322596 422.9399785126761 397.0178470944071 505.45177892206925 447.9610624966226 498.30185395333723 
